1705883443324086583138120422025445458502732980026477037147347146998310713850221227299557425882461618024546285089954051851538485727774094503588054854919101
4320928358290239130321701090666504109396860463143257096167296830634477985686431810402270734690820222740403421212033439927584156241809611693514655896347096
5948503158077336082457763745604916426113762083796821687142353747489529801825778729274951911484020902800572006218259018261285027002571722717509328139770335
6256927852817321012169127778896139729683091665857980932302406150185767999577880493688630462320257545525140315783421028359085308970787860185730525758677104
4408663217096751823504666776628121419712679469215305140371803620346673709422262812277042328440099789753643986865260161507537448314102178834142965969891671
4074069770084561659286799400464424366242112786665006223311097954156860574090329989311102515798023864922896839046448025027011094947906117037362220381557037
11187998954742091102907145412493939349012296927904472104921129753386164173624610471315503708813118424482718954891231433966720206625627761990338944961359851
5416622150659090558006062506842315755461295103317637025394485307500783093812285328557877713430888958618737134207213566095513822355241446469813328982085413
5708783183501084486441122253577852733360189625910058902140736276858583916201448655980245915436450666753766231736283698959592100858342783042291547091110822
11636592490128133785848499909393101158192987759871711458235956269610254817406080061525766674569512215952966688896538225087711100602989276088268049949180041
9314168452919615652883400708541108853633460261564376098915716224629200195175497352233630316651204205588531880713590022983687005850175911467980482811603413
1748315689312616989052605128684597507494924510060954945225090027768717548049218631579544051350257204505028733125265673667922162261679785760926190076310459
5217205497119771247726367754448119898992300645439196516753508925557889434837041588630344506530012318382280271635133272128092570650444357144791670582716836
7351469038911183669753374265412583508856805293561892070419313850863351240097973212470223857413395297911265164784880855487382297808424448603417026839012213
11317736985679785959013144833448287976856089966707967536873590232531151801227961362242691298441659425227894238718392562519428151896768731769675817257453849
2164664515860248713912703429123157419681338428304241606729886602153814532415499031331776117509799149640304544105476836609688502867318608625011446247787850
5274910753296224268745614389050463842821979639107903933986318509256880653696225599704030011731776981426172264221579213266539917271109198566315628655689409
2816791425186259128812725084866208315078148709152436391967674068395786637270943759705591208432578568204676878929551124995666604310442094137956940040512208
8574309736443571169604080449899919975437655968994711301846194670469500069181278765818751289589207461406321710180533224483786502476520084145669868906583443
257751495218707351930366107938981855261670430614695455324720837128387933455269674982283694986910035275304885813427814481089564689411185680143733335448877
1923207350663411207833415458811913201939740664241036359033622132214190909874329400889379705291677182322414651443206817217283047472220511768473920883342095
4927807479711868260376831373147942139184444819517310361800029686361797572091563291437373848327367605156047044714912582271049454714215839392892539273563855
2971828764019664722799557233849814091078391682871884642144471540088083306268872281397164229128964412455149629781945851654808763023247882632564753438751757
8824807245467324161626105560542974897349667497669629749550218252173834572408076922077075831368201320743120771205441620364494325339540756041409996662246111
1725204654028652981421912202716712953495010206764028231350027239983599800492839382129463723141648068989174457629763453918478169823390155802139043376676582
4897587382051347041966141047076202133721295755155859387135586203376327483635392164381823075356364237885069073626686989779744423509255497949664708700940213
2263865263486372934929242728548158963133900726301957989281423952277972483700091913453143019011993946138984443965108109771971864396560447063487353761754562
5259045283748423584761569079904199140157682332926909468569683724796062224642454136272682027842539869486773603124208759978279651839179536035673323810149766
5721937600747014216041749194270544031355851615784671449455576090704078882065552617523971219509503447637384465132267740251217386535293273316940341233426952
2084647422714551053987082368270294613057376926715586376297301823567186665419083679723799552408001225162966700634309351630101171123411961194666772555056215
9875923442469719477936080067648459018260943059870920718202758431407875321201957983360400155411163624857603334357684841809685579310258095790868412878346545
2911364871922642556259059375656674666902661422164568272706569930794339223726415040788796686180515980935968180334136358400025139270647623865000102587346172
11120748774247426579070961722722998808985906170105658874353423608726581962774740541177656460282137904644176072614404763794603316745641193647094663297754169
2855500804753825192852360730905608237776092254157928836634576276364251509436765972857134360450516430732972150839954341919990506251828947155362553112841436
9116371566616312049433541686642573741507868055207950693139207747148910874744357907739208565379150467457694402696600332152530355536900672717591499143520856
4910384081719087391359552246907611217722437676148128849229132482228827714809486242854366576258275097214244030448265018875159343192989127976015449038688163
749703649086726365983602038249322719867561707031179431729209953137877762977494881654532548318965950699150369729519765735554079647594349065936702572410128
9807462896199848135915474292650140058611306842040620500822440435770892566797227383722944877890647067026012523017487488245070932369469297249881235663712548
639807934385241260168195585716284064761911830495790569562456922680064129924334135488118286634477126655601871961954996859645330183111662126616261874311167
8566111497856214297197197160016077789803101396411258596583794204319895855658302800178101039315018522470054311840036942594639667021739024604396891346338405
7745622170721776934126129281257606319878069484660570090463440735940113002970071934580927529952856498734807570392054900642858254212973318047782575866710518
7046657837342634728048186460411983663786160153575520039892966425911800393596566625491393249872439040919055701406349373394279835805042244025612862786586268
6455867843773643020719015194310612131790859050045332209669377447424501637573685747857202030749794511740892562557340296991228000836889510919302274883103986
1372132802481289921690811724954466253422486618497240063939131334004209751752429992409669458000526002720445465001203469478746225072588566322487851070175720
4728635610528746582741074838703788078715279536256284824302585650111075537626458875734853329935933862675578553663841568592272104767590421411226872391435686
11052392929456148075469523239665186116713656367330881460225189083676642034227654043052825895853680756508624565522755421319404174672785959962558676056557756
9390734794197745175439119288887078436463123267182478991582178603319869953749839117497052752144179452816477193560213671351337776522753444264401250222442178
1586621349412965004321844300837975234652108418092412479138949419063672018940052056008278957768957727067086049276654435352169340435270111140673050341423864
4465000215773578577727536672042196428309180118381713431128151781743349549520913730212998211218176051373160353799418976234721531624260912407901168744111752
5836664234875432306443021162147261786880287141959681179876815024121443481282940721628886045383117245014744686388137662801653961321368530577224271765046637
1106558469824098608763301265709279076293849072586439215939005841610667710759833585806966118145125028491961234612960094334319436715874720041029251076098442
1405016723665991980857322999975493525154976140219557531246883514371617039591849614414472321511877757450903021478431464360723935219371022406234968004141217
9829966185217995486941659736615367021317009027374638810024947127275105957963581697497363158514315397386377202113970654703548425948897777424319351518688094
5681459200988601385425745682139308330657460128086960556447220562671243881792451987719212803179919698895781406658108573351340647828671607210227698251418835
3486909968225492973928586147140847748602462135284883142734250760546047005724290913154954961156031200519179046452532059334506365937493812329620291883729587
541423817578179349721133936839388679546996872774354672258001721497981291247181374981693759551951006325771974046672338344058039138090824678234115033966611
3730653024373926434246155036930020470979321567010535774754954983444249655826319801301008960120726088652928154260799929901814079703704020396841648078555279
1365785446061638453667329125756954406490157256820300645403758850031614743622885636423491645582551584621843166090590981036995855540739287797090863491399439
2808876596229875678914088468600544162656531499392025079367308037085431881637968363426843286368715806433157136201477520093815302616327351400187667276533747
7431887900059627782871754901944531344813633107617019533663828174458865756423262075585553418052318716180044862871638705550433144744945856288003069675141106
9583615652915459602174038424235256715958835713560568059120100756204602885654454638938891687181192578123684463784962065683344914044174686191036025047162692
4028744694144751819941405658541259592446830435784266922127020368696865630120475862750862460133644588203747875779872938851884270028284340951322358058403572
5109801994835586701773641811418193633380288569388231853446440147449922797936468927210514027717955637198357199495708635421804855000164097584188270486742302
4865000756763773865652750674941353666279640810183554523047829410529110318006217562909369153011676639914450365904353184345532379591520384101632308849586520
6180880940486726351868392776740418865147507906814248911984089256373584617520817455867080618483653743153386357037968721774281092924869364677217824551142367
11086219768334580344929668998965731921819828916507575333847714244912349071267477802281247564409593945593128163819246943418968041400966469458172200975353571
1158745094885653606214743989937081429536039734258519822369654750647706124361125428650287005026501543979783122227475753663746849716790757182783459244718256
8451924903379301510795347093376634685675907708922672026605819854276706610544011757564276802166051025056807046533011169234360803815272997508325638679717925
1624943779722435828952911885383945315448430624100728716630178497439182159462105449180333754665230419258301046651869000265496269954688635562535846117304454
8197514602380576328463379164696013507117590756126163504357308596237591655609353576760102507804552125538295633705207214990328181994451130436870569029706309
11084421675240100671773006226503979288096290677601549951505021392542091972141701545632581125687834972036698047722701753243182658301100058324641602151428388
10811336854625558168972789602496128108203475740749962424499831348325460535884165586340030286123173413916719039376856626218286014850306078467196223117667784
8525084063376689420365291475248024352272827025808124550677456841062250103017997010862966958746944304159380657271566576810616399820189475401318436718013589
8891604591633732424642403470184110902969422094735867491326351738175524134452851591686388017151346591281824747852725958112104500158323926849898461515020659
9625324847829805585977382795278438119682124679486347868040023087297537319751130608594048914896876557321896388960512923296909956883462447296348923721876455
2346437959920855551317988931814237207836858586639234006574134230450977021963958590726480205992500702414851248167716180386891796650088916161052081142479539
10228323808442669783618040599525588844586805143989435681720231209772519027670599094621938447151294345803698009198425491906732634356497699569211096271260231
6617289964642058366000515367205116202925802697017889267250781051348600385270102989489913080911090611563097743513502403781305848721823622218398825307651941
6652472347748235453211860818195600190690564789644920367101430928324675361971106141445433285525872086921736346371156887569108780178114056452369435063552799
11295151560684751891912164515851609410708613100330370613101562732492914015064168718129764809562969160375117152881114391569247341393419344058342470806135929
501955275519599017917549151757649735802756606398358660418568995072902683782002808191807303261829380924033509942817691734784617956187224299998641635721601
2559456700041757748499185590992078299797032167521898464014203983695181959837828522429459821368158252286951012627709267922271307940601120259267517475198148
11668757726121975744312053777588846502201500009567287936751834867864128858065717083820009188452813690587203515336196377125632838623382046421510810906044002
4835925712152832758878987139323518347796387923224867883275215330905926537638721599212541165904447658268755470755298064711170650667729038922817549310267717
3512726541372637497147987930818181141442027643876261133669474778451055896568316072478165119149446868581643044669435400932857468775089862706661867622873124
9726435448149786024103488381071450376742208392753430641851356449575721498625429525037221393573403452337999920549113253369335561186354769371001886493668259
5514327928110746145967650945903563937782887047081207878013958287174893395555333242537856409488126866609281473546776061078409099805059567770132211234615718
2645858628106595878142453012456388845262255620164261185500630525945116407297666423624070032358411409538686135776663432691017469721734801207171659623680774
3628776136640906376355068691012557986222767588716039690369925636486584242496244107099373751916940748023668933623868155921724029285586540954318954555825893
8619738135480863990314199159373232273150946335181282807719177433344237169432424259356247648766724149207191976451297842205874760511189569504337942851932160
6276776380728530016870923531946577661564639559299756506537211324715752556229224801957282680927825794225105499283849439842587114254639278479616854604750163
2345257909501246524946342048975098477581319179516147959995378090247163867193095668293232616759908885377801168943274050083747827495905774643537123819735472
763154476744651035912175231412443907337401461772953516418783139707445579605571754424640503782886705437959217455634586829543405134346099236347513462773230
5235422742436449957009646371335933616065131760158071346176121811231295289743921963925808298580500062155609416486494173955991265574430475434177578435465394
3776786786626438269265778747559331489968747709863914240715605673788486252360799825896337119000117245884751805467292248675671346251502573584449424387338649
7484873252134997085561579863422864022320823418371142134691326042496742634132544698561471294425453467419800846549524299505726865603592324210925142809080342
5535713055776876695184031306924841626301166628241019132832722923448856152628283657308122376385065817205933499595747970228664991421848315092151195098428638
4779595617095261512396151989299115261382398385876393149870872416488980339940316472869708877552089538053675950521336761261629471471021521594589001173189715
1911910713334190117162402085592368296367895776645707996884150998839709808830645650271620633231402414295969784800549895158749704890907244872766828340479139
3220290717362968988475333918311205223700861209170762174370100811243095560756776083648429221265756840812986619655230623166703613049512103975053118096140964
8164060949259463983251269076319781249765391768882185786834501450777970150625501401371371820894525401562939831179356288475589493328211059226059704581189658
7636506648183465616001129543232137223682953644545109982663631206577280331664949143739011264599520197250499148301056415785979232945882060884063136957354227
5679577290283552316348196386292434330496531135748292152542248853439285956576175546325268192662694721005831584314245716362784875126095790947939666201835969
3838371642335156375383034287660852406061213785797099516363772586025148047340240907652547295684689635147579012803476347676891849612575714337274924062769469
1427917670636952621050857748498414077170610128338623423837173126634851859588504858958811866569953499863374638391838226461472384172528697896164624915827924
5834679194751511672010858714354820727501714744514843745297620701439553589455703532461463679543708379068521203106596424974181328674867394464125475459264669
5887594007113719826469977190868632921322129354629110813728011792167279103074588974514130912334716230980835176296481118386178843942802930299750765975050446
9309500892695651445653112556647110106402529786316966388126276771976510324661920850405641916968309293934154467487636054915060422045146898980980257724207725
10984076027152793557081962961684520328250441305351333356484256150714030473746628297084060753949151050848574225173188491941844230183401387219662901581861008
8571522962288981561189299646273918466992360849785830419150835444555457526212568730246853647866968176101927900888770401427777670017563210293735411122891051
11572247362584225863751799484729043314814696264063992453924736786934011720348127418631688424400373690817990021608234980375975820344275973534026906043955340
4637274594121778994893635445051346487789877561156372654747607969339723956086553355045414356596047231275181051859478093009364419793313802199179440493277178
395046879634644179320145426838800774915500606518322354714489877093550071695378927502863943172275859400486658676134601886226852929420614167760459681614932
10142477846078049891128556808683492202524415339534961289472085762471243360955323910758640122711151893218030252986797705427467078569268604820721312499925925
4039777389751694329858925290014132654939766623839776944609728169333333681462939591208618694772159451511934221935662327224326846981269208380104458667707565
1461406018711685691157065795265519075725725867619905858252824854700198626601737606573241422892766670315080669467417435923389283941573224250848188719273967
8405320274740500533734805338342281293441349665189034268852111292373717909594345631744008401964578220609950116027613669873903000826341408522177533238399304
3257068457895308328203533305570819408698907356717410075436369512086255828078434345146675089370127347101621233918465497043614551777415095772422551868224792
10078565964011722887464291582643745460015215354752903247335231050586430052923348638367639157614188713115080041027755690202087212705846864063031140456902192
6848068688543535906048668753032558879821018569293386304058847511317942695491360246800196908582439764015317901197004671356504651609812039029192666754932497
11061218585231213073639829768104453918295578075472187967425621364040140496365011180819635541927051011698490840974225450975584943019147896537873210483165505
4675349417940959979141567966625528180888187372724403381178977849632313587923349093251269508846354343118936405238874663898731069882659485185686967371430411
2489791959507345248186597177113396697156402225951269151797388794845560486480401150811112187909193834939831881965467082689841250302512026858025008737840064
1978179494848309561346982322320519685597499116372135063212945192615581855091887313626083467288797728477408385418972791591359876186910140091502915136952557
4910897908327589045497960216123924132774343017195689310404189792579825575325144135966745638334508135962002660390509071313582409684042708165463814582727928
2028522334074452627647547023919288195031553306062142040931645098818730596732991890836714422561033975726136059521461635096699552109919575100505657077388919
